iter      cost      cost_change  |gradient|   |step|    tr_ratio  tr_radius  ls_iter  iter_time  total_time
   0  1.163772e+05    0.00e+00    4.89e+04   0.00e+00   0.00e+00  1.00e+04        0    1.77e-03    2.05e-03
   1  1.658037e+05   -4.94e+04    4.89e+04   3.54e+00  -4.25e-01  5.00e+03        1    1.96e-04    2.66e-03
   2  1.658011e+05   -4.94e+04    4.89e+04   3.54e+00  -4.25e-01  1.25e+03        1    3.29e-05    2.72e-03
   3  1.657855e+05   -4.94e+04    4.89e+04   3.53e+00  -4.25e-01  1.56e+02        1    3.50e-05    2.78e-03
   4  1.656393e+05   -4.93e+04    4.89e+04   3.52e+00  -4.23e-01  9.77e+00        1    2.79e-05    2.82e-03
   5  1.629440e+05   -4.66e+04    4.89e+04   3.31e+00  -4.02e-01  3.05e-01        1    2.60e-05    2.87e-03
   6  1.235830e+06   -1.12e+06    4.89e+04   1.10e+00  -1.84e+01  4.77e-03        1    2.60e-05    2.91e-03
   7  1.147192e+05    1.66e+03    5.12e+04   2.46e-02   1.03e+00  1.43e-02        1    1.66e-03    4.59e-03
   8  1.096462e+05    5.07e+03    5.83e+04   6.91e-02   1.08e+00  4.29e-02        1    1.69e-03    6.34e-03
   9  9.391578e+04    1.57e+04    8.22e+04   1.70e-01   1.22e+00  1.29e-01        1    1.34e-03    7.75e-03
  10  5.169642e+04    4.22e+04    1.50e+05   2.90e-01   1.47e+00  3.86e-01        1    1.17e-03    8.95e-03
  11  9.927548e+03    4.18e+04    1.53e+05   2.16e-01   1.33e+00  1.16e+00        1    1.25e-03    1.02e-02
  12  8.112647e+02    9.12e+03    5.80e+04   1.04e-01   1.09e+00  3.48e+00        1    1.30e-03    1.16e-02
  13  1.664084e+01    7.95e+02    8.77e+03   3.58e-02   1.02e+00  1.04e+01        1    1.33e-03    1.32e-02
  14  7.079288e-02    1.66e+01    5.45e+02   5.62e-03   1.00e+00  3.13e+01        1    1.64e-03    1.50e-02
  15  4.659520e-05    7.07e-02    1.30e+01   4.04e-04   1.00e+00  9.39e+01        1    1.35e-03    1.64e-02
  16  4.219575e-09    4.66e-05    1.10e-01   1.11e-05   1.00e+00  2.82e+02        1    1.19e-03    1.76e-02
  17  4.288231e-10    3.79e-09    3.21e-04   1.03e-07   1.00e+00  8.45e+02        1    1.17e-03    1.89e-02
Ceres Solver Report: Iterations: 18, Initial cost: 1.163772e+05, Final cost: 4.288231e-10, Termination: CONVERGENCE
Initial a: 1	b: 1	c: 1
Final a: 0.509167	b: 0.746778	c: 0.329951
