-1.51457 0.03557
-1.45236 -0.01834
-1.39015 -0.02038
-1.32794 -0.01634
-1.26573 0.00347
-1.20352 -0.00743
-1.14131 0.01548
-1.07910 0.06460
-1.01689 0.01117
-0.95468 -0.01171
-0.89247 0.00144
-0.83026 0.00851
-0.76805 0.01429
-0.70584 -0.03031
-0.64363 0.05240
-0.58143 -0.05739
-0.51922 0.06344
-0.45701 0.01383
-0.39480 -0.06154
-0.33259 0.00328
-0.27038 0.00082
-0.20817 -0.02825
-0.14596 -0.04822
-0.08375 0.05283
-0.02154 0.04344
0.04067 0.04005
0.10288 -0.00352
0.16509 -0.02714
0.22730 0.09863
0.28951 0.07212
0.35172 0.09276
0.41393 0.07081
0.47613 0.06997
0.53834 0.14153
0.60055 0.27269
0.66276 0.20914
0.72497 0.22952
0.78718 0.31612
0.84939 0.35015
0.91160 0.28331
0.97381 0.39009
1.03602 0.46860
1.09823 0.47908
1.16044 0.59602
1.22265 0.59342
1.28486 0.57937
1.34707 0.60167
1.40928 0.61495
1.47149 0.65327
1.53370 0.63636
1.59590 0.63495
1.65811 0.71761
1.72032 0.63058
1.78253 0.62589
1.84474 0.62581
1.90695 0.57257
1.96916 0.52157
2.03137 0.50536
2.09358 0.38851
2.15579 0.42008
2.21800 0.42098
2.28021 0.34247
2.34242 0.28979
2.40463 0.23470
2.46684 0.29296
2.52905 0.17191
2.59126 0.18870
2.65347 0.12255
2.71567 0.15742
2.77788 0.12940
2.84009 0.05075
2.90230 0.03031
2.96451 0.04808
3.02672 0.07053
3.08893 0.01119
3.15114 0.05350
3.21335 0.00593
3.27556 -0.01978
3.33777 -0.00641
3.39998 0.00186
3.46219 -0.04653
3.52440 0.00886
3.58661 0.03666
3.64882 0.05132
3.71103 0.02855
3.77323 -0.00261
3.83544 0.02203
3.89765 -0.02478
3.95986 0.00974
4.02207 -0.00275
4.08428 -0.03772
4.14649 -0.01271
4.20870 -0.01082
4.27091 0.03363
4.33312 -0.10055
4.39533 -0.04988
4.45754 -0.03646
4.51975 0.03349
4.58196 -0.06635
4.64417 0.05512
