-550.500 205.000
-469.500 110.000
-293.500 113.000
-218.500 125.000
-287.500 39.000
-374.500 -78.000
-384.500 -226.000
-337.500 -310.000
-339.500 -356.000
-306.500 -401.000
-193.500 -398.000
-194.500 -351.000
-145.500 -347.000
-107.500 -378.000
-66.500 -394.000
-20.500 -373.000
1.500 -335.000
7.500 -278.000
34.500 -236.000
69.500 -161.000
109.500 -65.000
129.500 -14.000
158.500 20.000
198.500 28.000
205.500 -10.000
175.500 -58.000
127.500 -149.000
122.500 -259.000
136.500 -284.000
106.500 -287.000
65.500 -347.000
64.500 -385.000
175.500 -376.000
265.500 -399.000
252.500 -365.000
350.500 -388.000
475.500 -331.000
527.500 -169.000
491.500 -47.000
455.500 29.000
492.500 33.000
551.500 53.000
569.500 88.000
568.500 155.000
492.500 167.000
438.500 154.000
399.500 94.000
349.500 169.000
254.500 222.000
139.500 221.000
39.500 168.000
-33.500 70.000
-82.500 -28.000
-140.500 -100.000
-121.500 -34.000
-50.500 76.000
-6.500 160.000
-37.500 199.000
11.500 224.000
-40.500 258.000
3.500 285.000
-71.500 287.000
50.500 388.000
-123.500 350.000
-101.500 393.000
-177.500 334.000
-313.500 319.000
-330.500 298.000
-399.500 339.000
-468.500 328.000
-448.500 254.000
-325.500 200.000
-250.500 201.000
-360.500 174.000
-419.500 180.000
317.500 -134.000
351.500 -212.000
397.500 -119.000
353.500 -106.000
