696.410 295.290
793.031 242.351
936.313 423.874
966.967 470.452
1013.319 311.278
1027.598 170.098
1109.387 67.771
1195.541 93.357
1249.920 37.165
1271.700 -13.221
1363.739 58.080
1325.572 118.959
1364.192 118.956
1445.147 177.622
1506.186 177.152
1469.496 193.099
1451.896 273.933
1444.665 306.410
1472.710 395.263
1409.380 420.458
1410.719 537.460
1358.448 550.207
1379.078 667.938
1384.691 678.090
1387.631 631.975
1413.346 560.015
1451.699 454.658
1529.140 382.951
1512.261 387.098
1494.067 400.145
1560.883 268.923
1577.246 252.091
1608.119 380.367
1713.713 370.434
1708.228 376.202
1732.842 424.986
1841.918 567.422
1738.659 769.814
1623.341 792.738
1568.319 823.019
1622.156 878.783
1657.276 894.180
1630.060 978.028
1546.259 1049.092
1509.866 991.531
1469.636 897.644
1498.302 840.940
1421.789 849.079
1267.799 824.063
1193.592 769.718
1202.606 625.742
1201.373 551.977
1230.320 451.983
1199.277 382.494
1199.667 401.470
1188.921 515.459
1150.889 625.463
1106.289 634.656
1125.601 715.461
1054.728 706.549
1056.908 745.694
964.620 711.398
1011.854 841.872
954.042 679.738
945.631 713.771
890.662 639.250
819.088 539.814
786.989 517.879
693.316 489.372
697.584 446.714
769.363 382.294
843.204 429.929
919.601 479.191
853.344 381.566
808.878 339.018
1585.420 662.172
1613.775 582.041
1587.477 653.908
1573.518 706.715
