-5.00000 -5.00000 47.34848
-4.00000 -5.00000 -6.22294
-3.00000 -5.00000 -47.88961
-2.00000 -5.00000 -77.65152
-1.00000 -5.00000 -95.50866
0.00000 -5.00000 -101.46104
1.00000 -5.00000 -95.50866
2.00000 -5.00000 -77.65152
3.00000 -5.00000 -47.88961
4.00000 -5.00000 -6.22294
-5.00000 -4.00000 83.87446
-4.00000 -4.00000 30.30303
-3.00000 -4.00000 -11.36364
-2.00000 -4.00000 -41.12554
-1.00000 -4.00000 -58.98268
0.00000 -4.00000 -64.93506
1.00000 -4.00000 -58.98268
2.00000 -4.00000 -41.12554
3.00000 -4.00000 -11.36364
4.00000 -4.00000 30.30303
-5.00000 -3.00000 112.28355
-4.00000 -3.00000 58.71212
-3.00000 -3.00000 17.04545
-2.00000 -3.00000 -12.71645
-1.00000 -3.00000 -30.57359
0.00000 -3.00000 -36.52597
1.00000 -3.00000 -30.57359
2.00000 -3.00000 -12.71645
3.00000 -3.00000 17.04545
4.00000 -3.00000 58.71212
-5.00000 -2.00000 132.57576
-4.00000 -2.00000 79.00433
-3.00000 -2.00000 37.33766
-2.00000 -2.00000 7.57576
-1.00000 -2.00000 -10.28139
0.00000 -2.00000 -16.23377
1.00000 -2.00000 -10.28139
2.00000 -2.00000 7.57576
3.00000 -2.00000 37.33766
4.00000 -2.00000 79.00433
-5.00000 -1.00000 144.75108
-4.00000 -1.00000 91.17965
-3.00000 -1.00000 49.51299
-2.00000 -1.00000 19.75108
-1.00000 -1.00000 1.89394
0.00000 -1.00000 -4.05844
1.00000 -1.00000 1.89394
2.00000 -1.00000 19.75108
3.00000 -1.00000 49.51299
4.00000 -1.00000 91.17965
-5.00000 0.00000 148.80952
-4.00000 0.00000 95.23810
-3.00000 0.00000 53.57143
-2.00000 0.00000 23.80952
-1.00000 0.00000 5.95238
0.00000 0.00000 0.00000
1.00000 0.00000 5.95238
2.00000 0.00000 23.80952
3.00000 0.00000 53.57143
4.00000 0.00000 95.23810
-5.00000 1.00000 144.75108
-4.00000 1.00000 91.17965
-3.00000 1.00000 49.51299
-2.00000 1.00000 19.75108
-1.00000 1.00000 1.89394
0.00000 1.00000 -4.05844
1.00000 1.00000 1.89394
2.00000 1.00000 19.75108
3.00000 1.00000 49.51299
4.00000 1.00000 91.17965
-5.00000 2.00000 132.57576
-4.00000 2.00000 79.00433
-3.00000 2.00000 37.33766
-2.00000 2.00000 7.57576
-1.00000 2.00000 -10.28139
0.00000 2.00000 -16.23377
1.00000 2.00000 -10.28139
2.00000 2.00000 7.57576
3.00000 2.00000 37.33766
4.00000 2.00000 79.00433
-5.00000 3.00000 112.28355
-4.00000 3.00000 58.71212
-3.00000 3.00000 17.04545
-2.00000 3.00000 -12.71645
-1.00000 3.00000 -30.57359
0.00000 3.00000 -36.52597
1.00000 3.00000 -30.57359
2.00000 3.00000 -12.71645
3.00000 3.00000 17.04545
4.00000 3.00000 58.71212
-5.00000 4.00000 83.87446
-4.00000 4.00000 30.30303
-3.00000 4.00000 -11.36364
-2.00000 4.00000 -41.12554
-1.00000 4.00000 -58.98268
0.00000 4.00000 -64.93506
1.00000 4.00000 -58.98268
2.00000 4.00000 -41.12554
3.00000 4.00000 -11.36364
4.00000 4.00000 30.30303
