1.993
34.492
3.484
11.249
16.304
14.742
13.455
11.761
13.664
22.587
20.837
10.201
25.630
18.276
20.082
23.424
8.503
1.849
36.252
9.818
18.180
17.259
30.403
9.784
15.595
16.067
12.897
3.159
18.657
0.054
1.363
0.262
1.147
13.906
5.612
37.447
1.728
6.186
18.282
7.527
21.014
3.984
18.522
10.826
17.176
11.340
4.014
2.874
21.125
4.128
0.645
17.692
19.759
12.653
6.910
5.035
7.387
10.400
25.084
20.895
9.654
0.715
1.114
12.990
8.954
0.310
10.718
3.652
17.241
12.644
4.439
20.078
10.262
13.674
15.682
23.039
24.501
37.037
13.077
