iter      cost      cost_change  |gradient|   |step|    tr_ratio  tr_radius  ls_iter  iter_time  total_time
   0  4.406328e+16    0.00e+00    2.42e+16   0.00e+00   0.00e+00  1.00e+04        0    1.34e-03    1.48e-03
   1  3.367295e+15    4.07e+16    3.59e+15   7.13e+02   9.24e-01  2.57e+04        1    1.28e-03    2.80e-03
   2  2.217266e+14    3.15e+15    4.77e+14   3.60e+02   9.36e-01  7.61e+04        1    1.11e-03    3.94e-03
   3  1.502701e+13    2.07e+14    6.39e+13   1.82e+02   9.39e-01  2.28e+05        1    9.92e-04    4.95e-03
   4  1.198666e+12    1.38e+13    9.51e+12   9.60e+01   9.43e-01  6.85e+05        1    1.01e-03    5.97e-03
   5  1.300518e+11    1.07e+12    2.05e+12   5.70e+01   9.38e-01  2.06e+06        1    1.02e-03    6.99e-03
   6  2.887787e+10    1.01e+11    1.33e+11   2.08e+01   8.54e-01  3.18e+06        1    1.13e-03    8.15e-03
   7  3.141418e+10   -2.54e+09    1.33e+11   1.05e+01  -5.98e-01  1.59e+06        1    4.10e-05    8.20e-03
   8  3.141417e+10   -2.54e+09    1.33e+11   1.05e+01  -5.98e-01  3.98e+05        1    2.81e-05    8.23e-03
   9  3.141412e+10   -2.54e+09    1.33e+11   1.05e+01  -5.98e-01  4.97e+04        1    3.41e-05    8.27e-03
  10  3.141368e+10   -2.54e+09    1.33e+11   1.05e+01  -5.98e-01  3.11e+03        1    1.50e-05    8.29e-03
  11  3.140605e+10   -2.53e+09    1.33e+11   1.05e+01  -5.96e-01  9.71e+01        1    2.69e-05    8.32e-03
  12  3.116302e+10   -2.29e+09    1.33e+11   1.03e+01  -5.39e-01  1.52e+00        1    3.10e-05    8.35e-03
  13  2.720909e+10    1.67e+09    5.13e+10   5.01e+00   5.18e-01  1.52e+00        1    9.84e-04    9.34e-03
  14  2.709380e+10    1.15e+08    2.56e+10   2.02e+00   3.19e-01  1.45e+00        1    1.00e-03    1.03e-02
  15  2.706480e+10    2.90e+07    1.44e+10   1.00e+00   3.08e-01  1.37e+00        1    1.16e-03    1.15e-02
  16  2.705614e+10    8.66e+06    6.73e+09   4.66e-01   3.51e-01  1.34e+00        1    1.27e-03    1.28e-02
  17  2.705429e+10    1.85e+06    3.15e+09   2.06e-01   3.56e-01  1.31e+00        1    1.01e-03    1.38e-02
  18  2.705390e+10    3.92e+05    1.37e+09   8.77e-02   3.73e-01  1.28e+00        1    9.95e-04    1.48e-02
  19  2.705382e+10    7.37e+04    5.88e+08   3.66e-02   3.80e-01  1.27e+00        1    9.94e-04    1.58e-02
Ceres Solver Report: Iterations: 20, Initial cost: 4.406328e+16, Final cost: 2.705382e+10, Termination: CONVERGENCE
Initial angle: 0	tx: 0	ty: 0
Final angle: 42.1614	tx: 1247.02	ty: 509.108
